crossing time (s)	slope (V/s)	crossing number
5536.723584	-4.912920	4098
5537.737646	-5.202455	4099
5538.800854	-5.040221	4100
5539.800246	-4.950977	4101
5540.867253	-5.248515	4102
5541.869913	-4.990106	4103
5542.927606	-5.173357	4104
5543.944857	-4.836068	4105
5544.989039	-5.166688	4106
5546.017902	-4.922278	4107
5547.052875	-5.228114	4108
5548.087071	-4.999010	4109
5549.119053	-5.212274	4110
5550.154107	-4.889214	4111
5551.184322	-5.041249	4112
5552.220321	-4.851056	4113
5553.254574	-5.026975	4114
5554.284554	-4.946687	4115
5555.324938	-5.025249	4116
5556.347048	-5.024124	4117
5557.398993	-5.118797	4118
5558.408531	-5.068562	4119
5559.470873	-5.083441	4120
5560.471712	-4.989826	4121
5561.538225	-4.943859	4122
5562.540643	-4.992281	4123
5563.597357	-4.862239	4124
5564.619175	-4.966866	4125
5565.654741	-4.944116	4126
5566.694532	-4.897844	4127
5567.718399	-4.976022	4128
5568.761670	-4.780706	4129
5569.792848	-4.917148	4130
5570.818103	-4.713401	4131
5571.870656	-4.906775	4132
5572.875572	-4.848053	4133
5573.942497	-4.982691	4134
5574.942739	-4.943061	4135
5576.004276	-5.002121	4136
5577.018225	-4.984543	4137
5578.062444	-4.836598	4138
5579.093228	-4.845857	4139
5580.121965	-4.805251	4140
5581.164750	-4.863174	4141
5582.185785	-4.852391	4142
5583.232565	-4.774409	4143
5584.255172	-4.865703	4144
5585.297920	-4.755631	4145
5586.325157	-4.831431	4146
5587.364287	-4.779315	4147
5588.394418	-4.864554	4148
5589.429176	-4.730714	4149
5590.462065	-4.894645	4150
5591.496439	-4.648467	4151
5592.526899	-4.791731	4152
5593.564735	-4.548928	4153
5594.592573	-4.764016	4154
5595.636209	-4.649303	4155
5596.657704	-4.792195	4156
5597.703864	-4.783112	4157
5598.724719	-4.627133	4158
5599.768082	-4.712239	4159
5600.797657	-4.560053	4160
5601.828573	-4.778343	4161
5602.872467	-4.552506	4162
5603.886523	-4.866629	4163
5604.948145	-4.529193	4164
5605.947358	-4.597435	4165
5607.017669	-4.713683	4166
5608.016732	-4.527032	4167
5609.078917	-4.738830	4168
5610.092158	-4.451862	4169
5611.137283	-4.741495	4170
5612.169144	-4.490096	4171
5613.196765	-4.739501	4172
5614.240686	-4.596226	4173
5615.261751	-4.646773	4174
5616.306655	-4.621802	4175
5617.333551	-4.586014	4176
5618.368710	-4.649639	4177
5619.404492	-4.519534	4178
5620.430160	-4.663755	4179
5621.479034	-4.489064	4180
5622.492081	-4.667910	4181
5623.549479	-4.462214	4182
5624.556188	-4.635597	4183
5625.617455	-4.543556	4184
5626.620857	-4.560680	4185
5627.684974	-4.563253	4186
5628.688649	-4.613874	4187
5629.752786	-4.490392	4188
5630.755329	-4.535707	4189
5631.817129	-4.398368	4190
5632.826554	-4.552140	4191
5633.881119	-4.447210	4192
5634.896436	-4.512780	4193
5635.942407	-4.480667	4194
5636.971012	-4.452378	4195
5638.004671	-4.432230	4196
5639.043346	-4.470051	4197
5640.067130	-4.474741	4198
5641.112672	-4.430221	4199
5642.134124	-4.488600	4200
5643.177516	-4.389176	4201
5644.205470	-4.434601	4202
5645.237642	-4.362491	4203
5646.280332	-4.420325	4204
5647.297446	-4.317510	4205
5648.355703	-4.417029	4206
5649.359533	-4.370926	4207
5650.426957	-4.394122	4208
5651.423791	-4.366593	4209
5652.492935	-4.339046	4210
5653.492801	-4.369768	4211
5654.556875	-4.331558	4212
5655.565042	-4.423439	4213
5656.618295	-4.316753	4214
5657.636354	-4.422849	4215
5658.680518	-4.271288	4216
5659.708058	-4.420560	4217
5660.744195	-4.316789	4218
5661.778291	-4.360388	4219
5662.809557	-4.270425	4220
5663.846572	-4.366530	4221
5664.875666	-4.233668	4222
5665.914433	-4.406459	4223
5666.942426	-4.237552	4224
5667.980915	-4.302690	4225
5669.009586	-4.214623	4226
5670.047262	-4.312567	4227
5671.078730	-4.160046	4228
5672.112299	-4.379996	4229
5673.148601	-4.135690	4230
5674.175425	-4.343169	4231
5675.220986	-4.110913	4232
5676.237190	-4.306900	4233
5677.292676	-4.106202	4234
5678.299436	-4.269273	4235
5679.364497	-4.177720	4236
5680.362553	-4.241469	4237
5681.432993	-4.173069	4238
5682.429084	-4.129242	4239
5683.499373	-4.293282	4240
5684.498979	-4.120423	4241
5685.562364	-4.261288	4242
5686.571267	-4.027856	4243
5687.622694	-4.315366	4244
5688.645453	-3.979152	4245
5689.682776	-4.276392	4246
5690.719178	-4.040294	4247
5691.745509	-4.249228	4248
5692.790229	-4.068979	4249
5693.809977	-4.194692	4250
5694.858185	-4.146470	4251
5695.877624	-4.097644	4252
5696.922688	-4.127181	4253
5697.947612	-4.036173	4254
5698.987294	-4.180437	4255
5700.016787	-4.029499	4256
5701.051298	-4.147303	4257
5702.085984	-3.969822	4258
5703.116727	-4.175319	4259
5704.154320	-3.941770	4260
5705.183359	-4.166053	4261
5706.221950	-3.957269	4262
5707.250698	-4.098509	4263
5708.287005	-3.985315	4264
5709.320580	-4.127182	4265
5710.350503	-4.037354	4266
5711.390306	-4.085040	4267
5712.415119	-4.005651	4268
5713.460125	-4.015286	4269
5714.480938	-4.015391	4270
5715.527776	-4.010107	4271
5716.547275	-4.024585	4272
5717.594551	-3.938577	4273
5718.617521	-4.045437	4274
5719.657635	-3.946374	4275
5720.689045	-4.027416	4276
5721.718703	-3.874447	4277
5722.762461	-4.033769	4278
5723.779997	-3.885140	4279
5724.835856	-4.016334	4280
5725.842202	-3.882878	4281
5726.906764	-3.997002	4282
5727.905729	-3.916106	4283
5728.975962	-3.959804	4284
5729.971826	-3.869113	4285
5731.043965	-3.913288	4286
5732.038417	-3.926126	4287
5733.109274	-3.893751	4288
5734.107109	-3.965565	4289
5735.172756	-3.884681	4290
5736.177002	-3.961315	4291
5737.238869	-3.761588	4292
5738.244442	-3.907649	4293
5739.305255	-3.748758	4294
5740.313135	-3.898319	4295
5741.370885	-3.780917	4296
5742.381178	-3.954733	4297
5743.437351	-3.710112	4298
5744.447094	-3.868089	4299
5745.505568	-3.728017	4300
5746.514584	-3.881149	4301
5747.573888	-3.743212	4302
5748.579126	-3.873448	4303
5749.643565	-3.732925	4304
5750.643928	-3.825342	4305
5751.711251	-3.761617	4306
5752.709934	-3.843742	4307
5753.780397	-3.711542	4308
5754.774766	-3.818543	4309
5755.847921	-3.764265	4310
5756.842298	-3.735416	4311
5757.914337	-3.802114	4312
5758.911022	-3.703289	4313
5759.978936	-3.815295	4314
5760.981585	-3.622286	4315
5762.041860	-3.860756	4316
5763.054484	-3.631650	4317
5764.102974	-3.859095	4318
5765.127145	-3.594126	4319
5766.165406	-3.849078	4320
5767.198905	-3.637214	4321
5768.227940	-3.813060	4322
5769.269677	-3.596933	4323
5770.291616	-3.786608	4324
5771.339477	-3.604989	4325
5772.357868	-3.721921	4326
5773.405242	-3.696374	4327
5774.424325	-3.678933	4328
5775.472592	-3.724919	4329
5776.492832	-3.601594	4330
5777.538013	-3.731883	4331
5778.561587	-3.592218	4332
5779.604012	-3.691778	4333
5780.629086	-3.607780	4334
5781.670887	-3.671449	4335
5782.696199	-3.602941	4336
5783.738155	-3.682660	4337
5784.761784	-3.600070	4338
5785.806722	-3.709087	4339
5786.828711	-3.539652	4340
5787.873769	-3.526515	4341
5788.894299	-3.657431	4342
5789.941980	-3.622242	4343
5790.960532	-3.552095	4344
5792.008540	-3.597403	4345
5793.028875	-3.617864	4346
5794.074031	-3.533880	4347
5795.097793	-3.618523	4348
5796.138816	-3.470499	4349
5797.168918	-3.595003	4350
5798.202008	-3.466939	4351
5799.240803	-3.627736	4352
5800.263363	-3.461402	4353
5801.312900	-3.613566	4354
5802.325882	-3.406195	4355
5803.384417	-3.614646	4356
5804.389160	-3.427004	4357
5805.454630	-3.535393	4358
5806.452899	-3.448412	4359
5807.523761	-3.564960	4360
5808.519126	-3.443239	4361
5809.591674	-3.505903	4362
5810.585592	-3.467189	4363
5811.659612	-3.462476	4364
5812.651707	-3.499483	4365
5813.726435	-3.464233	4366
5814.719473	-3.460601	4367
5815.793064	-3.455326	4368
5816.786475	-3.513844	4369
5817.860230	-3.420484	4370
5818.854092	-3.495103	4371
5819.925965	-3.404415	4372
5820.921480	-3.481219	4373
5821.993621	-3.396791	4374
5822.987294	-3.424834	4375
5824.061277	-3.394741	4376
5825.054022	-3.444752	4377
5826.127803	-3.353220	4378
5827.120163	-3.381427	4379
5828.195777	-3.445582	4380
5829.186948	-3.343250	4381
5830.261927	-3.361274	4382
5831.255507	-3.327849	4383
5832.328356	-3.432175	4384
5833.323468	-3.308543	4385
5834.392080	-3.442865	4386
5835.393735	-3.307508	4387
5836.456310	-3.454164	4388
5837.464980	-3.221699	4389
5838.519359	-3.427844	4390
5839.536192	-3.216489	4391
5840.581139	-3.481992	4392
5841.608546	-3.203675	4393
5842.643458	-3.465473	4394
