time (s)	theta (A)	maj axis/z0	min axis/z0	crossing#mod 255
6193.776797	327.663452	1.381988	-0.015825	121
6195.842851	327.355347	1.381986	-0.012518	123
6197.904851	326.489288	1.384362	-0.010098	125
6199.965441	325.467194	1.376614	-0.006597	127
6202.031311	325.391785	1.365336	-0.000987	129
6204.106127	326.791199	1.361602	0.004740	131
6206.182313	327.852020	1.365070	0.007341	133
6208.249566	327.312836	1.371546	0.008160	135
6210.308978	326.075500	1.371578	0.010577	137
6212.370214	325.519928	1.360207	0.015663	139
6214.438564	325.960297	1.353924	0.020580	141
6216.512301	326.708038	1.353551	0.024002	143
6218.586023	327.040314	1.353386	0.027211	145
6220.656841	326.817657	1.352741	0.030800	147
6222.725209	326.391479	1.350023	0.034432	149
6224.792557	326.035858	1.348523	0.038312	151
6226.860170	325.782501	1.345482	0.041959	153
6228.928240	325.550323	1.343039	0.045402	155
6230.996033	325.422913	1.343257	0.049130	157
6233.062343	325.609528	1.349750	0.053373	159
6235.125747	326.421600	1.353145	0.057617	161
6237.187186	327.537598	1.351102	0.061662	163
6239.250388	328.397797	1.341684	0.064635	165
6241.318689	328.231506	1.332139	0.066221	167
6243.392565	326.866455	1.328137	0.067910	169
6245.467310	325.272339	1.327946	0.071377	171
6247.537483	324.795410	1.335700	0.076471	173
6249.601162	326.007660	1.343379	0.080800	175
6251.661965	327.696289	1.340617	0.083870	177
6253.724693	328.590057	1.331438	0.086465	179
6255.790922	328.701355	1.322888	0.088417	181
6257.859778	328.353180	1.318337	0.090561	183
6259.929286	327.988708	1.317163	0.093131	185
6261.998454	327.634735	1.315847	0.095487	187
6264.066572	327.559326	1.314716	0.098008	189
6266.133844	327.595490	1.315171	0.100767	191
6268.199978	327.805054	1.314486	0.103238	193
6270.265527	327.966034	1.314113	0.105377	195
6272.331410	328.081543	1.311151	0.107635	197
6274.399255	328.078369	1.307348	0.110066	199
6276.470489	327.923798	1.305507	0.112603	201
6278.544366	327.665192	1.305734	0.115618	203
6280.618174	327.224701	1.304848	0.119285	205
6282.687396	326.830658	1.304646	0.122104	207
6284.751595	326.966980	1.306080	0.124245	209
6286.813207	327.600037	1.305753	0.126908	211
6288.875249	328.204865	1.300185	0.129547	213
6290.940088	328.688660	1.293239	0.132086	215
6293.007771	328.927887	1.289565	0.134018	217
6295.077442	328.882416	1.287715	0.135639	219
6297.147764	328.756775	1.288253	0.137725	221
6299.217885	328.512604	1.288248	0.139982	223
6301.287060	328.351959	1.288310	0.142749	225
6303.355275	328.275208	1.288998	0.145403	227
6305.422504	328.473175	1.287730	0.148211	229
6307.488667	328.785187	1.285838	0.150928	231
6309.554138	329.387024	1.281591	0.153037	233
6311.619048	330.068146	1.276900	0.155466	235
6313.684413	330.668091	1.273078	0.158022	237
6315.751296	330.920746	1.269500	0.160325	239
6317.820403	330.685822	1.265980	0.162125	241
6319.891982	329.736816	1.263942	0.163976	243
6321.964983	328.291595	1.262501	0.166338	245
6324.037494	327.047913	1.261765	0.168951	247
6326.107301	326.507385	1.264220	0.172420	249
6328.173714	327.119934	1.267223	0.175019	251
6330.237477	328.391724	1.267574	0.177011	253
6332.300438	329.836731	1.263436	0.179004	255
6334.364207	330.907837	1.259593	0.181362	1
6336.429408	331.494324	1.253665	0.183133	3
6338.495818	331.744507	1.250328	0.185102	5
6340.563166	331.771393	1.248212	0.187034	7
6342.630775	331.793243	1.247193	0.188908	9
6344.698679	331.754303	1.245682	0.190926	11
6346.767386	331.516357	1.244316	0.192716	13
6348.837391	331.191986	1.243303	0.194483	15
6350.908916	330.616730	1.242069	0.196525	17
6352.981475	330.028564	1.240502	0.199281	19
6355.053360	329.352448	1.239256	0.202920	21
6357.122865	329.020020	1.240762	0.206487	23
6359.189313	329.202148	1.241508	0.209261	25
6361.253422	329.878265	1.242401	0.211596	27
6363.316169	330.828339	1.240527	0.213271	29
6365.379660	331.817993	1.236823	0.215373	31
6367.444096	332.574615	1.233593	0.217190	33
6369.509712	333.105560	1.228817	0.218373	35
6371.576602	333.430420	1.225650	0.219651	37
6373.644210	333.558136	1.222512	0.220942	39
6375.712079	333.712982	1.221284	0.222159	41
6377.779945	333.852020	1.219710	0.223594	43
6379.847541	334.027710	1.217881	0.225180	45
6381.914969	334.224823	1.216609	0.226743	47
6383.982187	334.500397	1.215567	0.228432	49
6386.049485	334.713837	1.213513	0.230161	51
6388.117233	334.830658	1.210099	0.231341	53
6390.185966	334.757935	1.207896	0.232595	55
6392.255817	334.281830	1.205624	0.233997	57
6394.326821	333.494598	1.204911	0.235613	59
6396.398741	332.478729	1.203272	0.237677	61
6398.470575	331.369629	1.201079	0.239438	63
6400.541285	330.655029	1.199463	0.241262	65
6402.610101	330.583771	1.201037	0.243409	67
6404.676856	331.090240	1.203403	0.245819	69
6406.741894	332.168335	1.205578	0.248152	71
6408.806077	333.251190	1.203268	0.249184	73
6410.870538	334.177155	1.200528	0.250754	75
6412.936085	334.881989	1.195210	0.251576	77
6415.002459	335.320190	1.189428	0.252195	79
6417.069639	335.616974	1.187093	0.253695	81
6419.137882	335.445892	1.184448	0.254445	83
6421.207015	335.277832	1.181610	0.255850	85
6423.277265	334.911255	1.180704	0.257463	87
6425.348544	334.439606	1.178412	0.259098	89
6427.420016	333.807343	1.178074	0.261805	91
6429.490775	333.385712	1.177733	0.264666	93
6431.559576	333.204071	1.178097	0.267154	95
6433.626425	333.507080	1.177277	0.268998	97
6435.691323	334.259613	1.176371	0.270638	99
6437.755493	335.192566	1.176517	0.272469	101
6439.819320	336.162903	1.173401	0.273720	103
6441.883754	337.047272	1.170474	0.274760	105
6443.948834	337.815643	1.168314	0.276170	107
6446.014828	338.294617	1.165588	0.277466	109
6448.081373	338.744324	1.163011	0.278853	111
6450.148482	339.017181	1.160960	0.279677	113
6452.215982	339.246552	1.158127	0.280611	115
6454.283499	339.419312	1.156104	0.281078	117
6456.351310	339.587189	1.153162	0.282163	119
6458.419625	339.671753	1.150878	0.282845	121
6460.488281	339.646301	1.149441	0.284272	123
6462.557629	339.262177	1.148693	0.285393	125
6464.627745	338.828308	1.144783	0.285670	127
6466.698546	338.148895	1.143139	0.286654	129
6468.770006	337.331390	1.141531	0.287854	131
6470.841209	336.542816	1.140319	0.289198	133
6472.911673	335.990326	1.139173	0.290330	135
6474.980609	335.816895	1.138388	0.291549	137
6477.048227	336.141632	1.139529	0.292760	139
6479.114376	336.819702	1.140262	0.294063	141
6481.179684	337.742249	1.139132	0.294793	143
6483.245123	338.579559	1.138518	0.295870	145
6485.310932	339.255890	1.135637	0.296363	147
6487.377503	339.741211	1.132990	0.297117	149
6489.444723	339.951416	1.130790	0.298011	151
6491.513340	339.981293	1.128884	0.298795	153
6493.582642	339.831512	1.125841	0.299377	155
6495.652577	339.522766	1.124830	0.300532	157
6497.723090	339.174622	1.122448	0.301537	159
6499.793378	338.830048	1.120688	0.302810	161
