crossing time (s)	slope (V/s)	crossing number
5213.997826	-5.444214	3788
5215.040910	-4.803617	3789
5216.067071	-5.212453	3790
5217.112699	-5.343061	3791
5218.131834	-5.350067	3792
5219.177280	-5.253126	3793
5220.196242	-5.121538	3794
5221.241891	-5.029950	3795
5222.268670	-4.916658	3796
5223.308210	-5.160941	3797
5224.345256	-5.188705	3798
5225.369640	-5.416724	3799
5226.414215	-5.265963	3800
5227.427625	-5.436779	3801
5228.487532	-5.001329	3802
5229.489197	-5.102029	3803
5230.557985	-5.182363	3804
5231.557481	-5.105462	3805
5232.623790	-5.136059	3806
5233.623856	-5.098144	3807
5234.689173	-5.035627	3808
5235.694197	-4.880740	3809
5236.754935	-5.136773	3810
5237.768592	-4.945854	3811
5238.816540	-5.363189	3812
5239.838442	-5.156232	3813
5240.877869	-5.282043	3814
5241.906414	-4.925016	3815
5242.941544	-5.096289	3816
5243.979578	-4.901312	3817
5245.007681	-5.070692	3818
5246.048592	-5.007727	3819
5247.073350	-5.102976	3820
5248.114628	-5.099252	3821
5249.139070	-5.132400	3822
5250.182018	-4.948638	3823
5251.206548	-5.067712	3824
5252.249848	-4.855249	3825
5253.273788	-5.070890	3826
5254.317956	-5.036495	3827
5255.342334	-5.146837	3828
5256.384148	-5.095656	3829
5257.410809	-5.176405	3830
5258.448964	-5.010921	3831
5259.478260	-5.122542	3832
5260.514146	-4.867099	3833
5261.548922	-4.977114	3834
5262.578223	-4.770480	3835
5263.620219	-4.926840	3836
5264.643531	-4.880355	3837
5265.691498	-5.116621	3838
5266.705912	-4.990903	3839
5267.760590	-5.042706	3840
5268.770101	-5.023813	3841
5269.829343	-4.955010	3842
5270.834220	-4.945509	3843
5271.899449	-4.877037	3844
5272.900254	-4.891199	3845
5273.968078	-4.906904	3846
5274.967766	-4.851297	3847
5276.035940	-4.957971	3848
5277.035146	-4.852992	3849
5278.100561	-4.941417	3850
5279.103010	-4.899727	3851
5280.164799	-4.814396	3852
5281.172543	-4.848542	3853
5282.230516	-4.600839	3854
5283.240569	-4.909844	3855
5284.296803	-4.584190	3856
5285.310234	-4.753186	3857
5286.361532	-4.743095	3858
5287.379386	-4.739406	3859
5288.425961	-4.791382	3860
5289.447978	-4.850681	3861
5290.492187	-4.780080	3862
5291.514745	-4.864850	3863
5292.558739	-4.622349	3864
5293.581913	-4.838238	3865
5294.628978	-4.577684	3866
5295.649634	-4.754861	3867
5296.695527	-4.758926	3868
5297.715680	-4.845378	3869
5298.763611	-4.760954	3870
5299.779950	-4.835413	3871
5300.831507	-4.645392	3872
5301.844397	-4.841395	3873
5302.902205	-4.671733	3874
5303.909430	-4.738089	3875
5304.970624	-4.643746	3876
5305.976428	-4.710815	3877
5307.040287	-4.743258	3878
5308.040849	-4.680863	3879
5309.108362	-4.608841	3880
5310.105772	-4.684564	3881
5311.175922	-4.711809	3882
5312.173537	-4.593115	3883
5313.242225	-4.691812	3884
5314.240071	-4.663943	3885
5315.308959	-4.708121	3886
5316.309090	-4.643735	3887
5317.374836	-4.610501	3888
5318.378000	-4.553379	3889
5319.440050	-4.665643	3890
5320.447301	-4.501775	3891
5321.503302	-4.737786	3892
5322.517921	-4.493078	3893
5323.566489	-4.646181	3894
5324.587862	-4.461922	3895
5325.632724	-4.570809	3896
5326.657732	-4.472019	3897
5327.697254	-4.610311	3898
5328.727029	-4.558528	3899
5329.762135	-4.594815	3900
5330.794856	-4.509732	3901
5331.828272	-4.624578	3902
5332.862968	-4.451863	3903
5333.893474	-4.600269	3904
5334.931441	-4.470444	3905
5335.961911	-4.577472	3906
5336.999192	-4.455959	3907
5338.029313	-4.580425	3908
5339.063742	-4.458116	3909
5340.097485	-4.538040	3910
5341.130869	-4.343730	3911
5342.164654	-4.522721	3912
5343.196867	-4.394109	3913
5344.233726	-4.504744	3914
5345.261545	-4.370563	3915
5346.302920	-4.489364	3916
5347.326790	-4.359245	3917
5348.372629	-4.461613	3918
5349.391729	-4.431783	3919
5350.442601	-4.505147	3920
5351.454425	-4.386508	3921
5352.512221	-4.469246	3922
5353.519590	-4.339395	3923
5354.580848	-4.395058	3924
5355.584432	-4.333673	3925
5356.650954	-4.425992	3926
5357.650143	-4.355434	3927
5358.718159	-4.386153	3928
5359.716200	-4.356225	3929
5360.786939	-4.333086	3930
5361.783030	-4.348482	3931
5362.854330	-4.301674	3932
5363.850024	-4.297377	3933
5364.920527	-4.319033	3934
5365.918578	-4.361921	3935
5366.987079	-4.297039	3936
5367.985071	-4.390496	3937
5369.052789	-4.276419	3938
5370.055690	-4.330724	3939
5371.119446	-4.087929	3940
5372.119830	-4.316124	3941
5373.184455	-4.196084	3942
5374.189278	-4.270781	3943
5375.251377	-4.187103	3944
5376.256583	-4.287945	3945
5377.318168	-4.111459	3946
5378.323351	-4.199646	3947
5379.385729	-4.132840	3948
5380.391338	-4.216169	3949
5381.453002	-4.097232	3950
5382.457488	-4.275796	3951
5383.520720	-4.128301	3952
5384.522921	-4.208597	3953
5385.588222	-4.112631	3954
5386.589824	-4.263055	3955
5387.655710	-4.086377	3956
5388.655888	-4.193596	3957
5389.724515	-4.131191	3958
5390.721736	-4.155645	3959
5391.791372	-4.149157	3960
5392.788627	-4.193001	3961
5393.859926	-4.159413	3962
5394.855286	-4.121209	3963
5395.925702	-4.130246	3964
5396.922084	-4.159009	3965
5397.992949	-4.136551	3966
5398.990026	-4.074640	3967
5400.058751	-4.156579	3968
5401.058387	-3.995633	3969
5402.124567	-4.129770	3970
5403.127573	-4.024637	3971
5404.189697	-4.158179	3972
5405.195866	-3.955471	3973
5406.253872	-4.125197	3974
5407.266225	-3.993655	3975
5408.318456	-4.121620	3976
5409.335300	-3.924634	3977
5410.383433	-4.102983	3978
5411.404790	-3.945811	3979
5412.449313	-4.122612	3980
5413.473356	-3.943243	3981
5414.514210	-4.111650	3982
5415.541429	-3.901585	3983
5416.580460	-4.091915	3984
5417.609516	-3.910456	3985
5418.646531	-4.085691	3986
5419.677570	-3.949659	3987
5420.712735	-4.071628	3988
5421.744537	-3.915806	3989
5422.780588	-4.109361	3990
5423.810730	-3.853214	3991
5424.848064	-4.050739	3992
5425.877821	-3.881968	3993
5426.915542	-4.029352	3994
5427.943627	-3.831177	3995
5428.984005	-4.041090	3996
5430.008704	-3.861456	3997
5431.052909	-4.013109	3998
5432.073807	-3.801516	3999
5433.121554	-3.977884	4000
5434.138400	-3.769849	4001
5435.191597	-3.920623	4002
5436.204588	-3.831098	4003
5437.260641	-3.917746	4004
5438.268161	-3.753818	4005
5439.328737	-3.914155	4006
5440.333626	-3.782249	4007
5441.397833	-3.849379	4008
5442.398824	-3.776677	4009
5443.468082	-3.827675	4010
5444.464529	-3.826897	4011
5445.536091	-3.860264	4012
5446.531191	-3.811399	4013
5447.601969	-3.824981	4014
5448.598188	-3.807219	4015
5449.669938	-3.863042	4016
5450.664757	-3.813082	4017
5451.737492	-3.824628	4018
5452.731822	-3.819161	4019
5453.804006	-3.782299	4020
5454.798360	-3.838331	4021
5455.870444	-3.716870	4022
5456.865352	-3.804110	4023
5457.937052	-3.705997	4024
5458.932872	-3.791979	4025
5460.004402	-3.711617	4026
5461.000450	-3.795328	4027
5462.071760	-3.699955	4028
5463.067338	-3.765148	4029
5464.138737	-3.709042	4030
5465.134775	-3.760329	4031
5466.205670	-3.704449	4032
5467.201783	-3.774901	4033
5468.272472	-3.717789	4034
5469.267118	-3.670843	4035
5470.339870	-3.692156	4036
5471.333465	-3.725636	4037
5472.406828	-3.692243	4038
5473.400728	-3.738226	4039
5474.474960	-3.663404	4040
5475.467327	-3.644515	4041
5476.541384	-3.681846	4042
5477.534876	-3.640181	4043
5478.608137	-3.659927	4044
5479.601995	-3.589877	4045
5480.674319	-3.690420	4046
5481.670376	-3.656169	4047
5482.740433	-3.700442	4048
5483.738295	-3.541013	4049
5484.805779	-3.710259	4050
5485.806808	-3.536902	4051
5486.871569	-3.747565	4052
5487.875698	-3.519311	4053
5488.936731	-3.718119	4054
5489.944476	-3.558921	4055
5491.000816	-3.698153	4056
5492.012894	-3.501922	4057
5493.066009	-3.695175	4058
5494.082323	-3.451880	4059
5495.132078	-3.655608	4060
5496.151471	-3.496440	4061
5497.197799	-3.682285	4062
5498.219438	-3.446949	4063
5499.263185	-3.667133	4064
5500.286951	-3.481321	4065
5501.328903	-3.642197	4066
5502.355563	-3.465152	4067
5503.395524	-3.629679	4068
5504.423066	-3.493451	4069
5505.463394	-3.548484	4070
5506.488644	-3.482586	4071
5507.529897	-3.580751	4072
5508.557108	-3.468481	4073
5509.598456	-3.540099	4074
5510.623407	-3.448205	4075
5511.665088	-3.616654	4076
5512.688267	-3.438469	4077
5513.733815	-3.589817	4078
5514.754055	-3.411715	4079
5515.802413	-3.574718	4080
5516.820247	-3.420258	4081
5517.869939	-3.582385	4082
5518.884307	-3.360178	4083
5519.939179	-3.515777	4084
5520.951021	-3.343121	4085
5522.008207	-3.467855	4086
