crossing time (s)	slope (V/s)	crossing number
7226.827687	-5.475268	5721
7227.831791	-5.516950	5722
7228.897201	-5.494422	5723
7229.906255	-5.636875	5724
7230.953702	-5.120849	5725
7231.984966	-5.770191	5726
7233.012014	-5.536629	5727
7234.055902	-5.860006	5728
7235.082010	-5.876495	5729
7236.116005	-5.650409	5730
7237.159172	-5.929286	5731
7238.172148	-5.627127	5732
7239.230976	-5.541373	5733
7240.236341	-5.942990	5734
7241.295005	-5.382671	5735
7242.310656	-5.980190	5736
7243.357419	-5.291590	5737
7244.386709	-5.791760	5738
7245.418451	-5.200164	5739
7246.460025	-5.565524	5740
7247.483432	-5.284547	5741
7248.529252	-5.627840	5742
7249.550169	-5.575733	5743
7250.594970	-5.686084	5744
7251.617338	-5.761053	5745
7252.660719	-5.603471	5746
7253.684145	-5.697848	5747
7254.728943	-5.526605	5748
7255.752455	-5.592527	5749
7256.799415	-5.615752	5750
7257.820433	-5.569467	5751
7258.865681	-5.813105	5752
7259.887318	-5.509480	5753
7260.929786	-5.838184	5754
7261.957867	-5.234042	5755
7262.992666	-5.876689	5756
7264.033894	-5.171939	5757
7265.052604	-5.969228	5758
7266.109096	-5.264073	5759
7267.113548	-5.776884	5760
7268.179598	-5.490767	5761
7269.183750	-5.425432	5762
7270.239876	-5.737318	5763
7271.258939	-5.296972	5764
7272.296432	-5.613138	5765
7273.336365	-5.338882	5766
7274.359260	-5.475407	5767
7275.404528	-5.689790	5768
7276.429305	-5.151504	5769
7277.465575	-5.768000	5770
7278.507144	-5.008645	5771
7279.524360	-5.713083	5772
7280.581827	-5.172311	5773
7281.586705	-5.651049	5774
7282.651695	-5.278684	5775
7283.652880	-5.399694	5776
7284.718597	-5.433504	5777
7285.723489	-5.302124	5778
7286.782948	-5.584414	5779
7287.793377	-5.255623	5780
7288.846537	-5.541420	5781
7289.863361	-5.190128	5782
7290.912593	-5.540829	5783
7291.931841	-5.190960	5784
7292.978916	-5.574341	5785
7293.999408	-5.207448	5786
7295.047683	-5.578413	5787
7296.064491	-5.315276	5788
7297.117095	-5.517957	5789
7298.129156	-5.356683	5790
7299.188043	-5.471075	5791
7300.193775	-5.378589	5792
7301.257746	-5.441986	5793
7302.259850	-5.418712	5794
7303.325151	-5.311685	5795
7304.328734	-5.490889	5796
7305.388466	-5.110707	5797
7306.402280	-5.559938	5798
7307.449116	-5.128428	5799
7308.477366	-5.597700	5800
7309.508019	-5.215242	5801
7310.549851	-5.550503	5802
7311.572440	-5.305613	5803
7312.617947	-5.343799	5804
7313.643633	-5.373568	5805
7314.679212	-5.233525	5806
7315.718979	-5.415049	5807
7316.738394	-5.176252	5808
7317.793289	-5.425177	5809
7318.800940	-5.320192	5810
7319.864538	-5.314889	5811
7320.865978	-5.422958	5812
7321.931389	-5.248164	5813
7322.935542	-5.452713	5814
7323.996804	-5.130195	5815
7325.005298	-5.441711	5816
7326.061711	-5.034192	5817
7327.075024	-5.466958	5818
7328.126123	-5.023300	5819
7329.144194	-5.474648	5820
7330.191740	-4.982795	5821
7331.212974	-5.522429	5822
7332.259074	-5.047413	5823
7333.279644	-5.530308	5824
7334.326898	-4.986149	5825
7335.344964	-5.502792	5826
7336.397179	-4.973695	5827
7337.410077	-5.473760	5828
7338.467302	-5.044248	5829
7339.475072	-5.506440	5830
7340.538024	-5.128120	5831
7341.539581	-5.417115	5832
7342.606521	-5.218642	5833
7343.607404	-5.262371	5834
7344.672047	-5.281384	5835
7345.677634	-5.166654	5836
7346.734532	-5.407475	5837
7347.750645	-5.086624	5838
7348.794505	-5.452551	5839
7349.826159	-5.070322	5840
7350.854897	-5.394511	5841
7351.900028	-5.227727	5842
7352.919910	-5.186019	5843
7353.964964	-5.298797	5844
7354.989408	-5.003343	5845
7356.028498	-5.399828	5846
7357.063198	-4.859591	5847
7358.090112	-5.416716	5848
7359.135497	-4.888991	5849
7360.151861	-5.333567	5850
7361.208347	-4.984943	5851
7362.214948	-5.317267	5852
7363.277504	-5.023132	5853
7364.281623	-5.231577	5854
7365.346735	-5.027593	5855
7366.347001	-5.271560	5856
7367.414162	-5.065474	5857
7368.414467	-5.204375	5858
7369.481359	-5.064673	5859
7370.482144	-5.222652	5860
7371.549119	-5.054615	5861
7372.549605	-5.213083	5862
7373.615279	-5.049187	5863
7374.617638	-5.269501	5864
7375.681368	-4.912259	5865
7376.686888	-5.226074	5866
7377.746011	-4.939167	5867
7378.758187	-5.272386	5868
7379.809129	-4.874390	5869
7380.829854	-5.261722	5870
7381.871218	-4.894949	5871
7382.902719	-5.198880	5872
7383.933913	-4.978331	5873
7384.974320	-5.138031	5874
7385.997509	-5.072041	5875
7387.043129	-5.048470	5876
7388.066356	-5.106633	5877
7389.107192	-5.055640	5878
7390.137451	-5.130310	5879
7391.168652	-4.957782	5880
7392.211061	-5.102218	5881
7393.230641	-4.955225	5882
7394.283918	-5.118398	5883
7395.292785	-4.989991	5884
7396.354996	-5.065382	5885
7397.357776	-5.060692	5886
7398.422884	-5.039242	5887
7399.423955	-5.079585	5888
7400.491066	-4.948457	5889
7401.490784	-5.069607	5890
7402.558406	-4.952722	5891
7403.557888	-5.058280	5892
7404.625192	-4.886212	5893
7405.626331	-5.052947	5894
7406.693370	-4.937414	5895
7407.692722	-5.091894	5896
7408.759796	-4.931874	5897
7409.759718	-5.013983	5898
7410.827969	-4.931386	5899
7411.827274	-5.010555	5900
7412.894418	-4.944415	5901
7413.894837	-4.931042	5902
7414.959761	-5.011878	5903
7415.963763	-4.868386	5904
7417.024106	-5.014378	5905
7418.035378	-4.805782	5906
7419.086000	-5.061398	5907
7420.108566	-4.820342	5908
7421.147696	-5.043123	5909
7422.181805	-4.825001	5910
7423.209901	-4.958256	5911
7424.253417	-4.855024	5912
7425.274252	-4.968237	5913
7426.320021	-4.997104	5914
7427.342196	-4.800532	5915
7428.386884	-5.035290	5916
7429.412310	-4.733303	5917
7430.448391	-5.042686	5918
7431.485580	-4.687959	5919
7432.511411	-5.030312	5920
7433.556392	-4.721035	5921
7434.575388	-5.046913	5922
7435.627247	-4.646633	5923
7436.639729	-4.992517	5924
7437.697073	-4.677902	5925
7438.705182	-4.984856	5926
7439.764624	-4.654670	5927
7440.771709	-4.914449	5928
7441.832746	-4.686133	5929
7442.839410	-4.983338	5930
7443.899763	-4.702190	5931
7444.907383	-4.934860	5932
7445.964795	-4.708631	5933
7446.975532	-4.960677	5934
7448.029363	-4.683959	5935
7449.046340	-4.892039	5936
7450.092768	-4.695016	5937
7451.117546	-4.874365	5938
7452.155678	-4.685958	5939
7453.190626	-4.888871	5940
7454.218400	-4.702909	5941
7455.260055	-4.893967	5942
7456.283030	-4.769881	5943
7457.329390	-4.839251	5944
7458.350526	-4.733761	5945
7459.395315	-4.769495	5946
7460.419802	-4.827223	5947
7461.459299	-4.685957	5948
7462.490676	-4.784140	5949
7463.521851	-4.753975	5950
7464.563601	-4.820061	5951
7465.584363	-4.693519	5952
7466.634308	-4.825899	5953
7467.646797	-4.687168	5954
7468.704431	-4.790845	5955
7469.712147	-4.665662	5956
7470.774515	-4.774920	5957
7471.777780	-4.717606	5958
7472.842528	-4.759571	5959
7473.844291	-4.757732	5960
7474.910086	-4.772090	5961
7475.910612	-4.723607	5962
7476.976616	-4.726674	5963
7477.977635	-4.670241	5964
7479.044756	-4.733386	5965
7480.045627	-4.700654	5966
7481.110040	-4.742106	5967
7482.113209	-4.572686	5968
7483.175309	-4.728922	5969
7484.183907	-4.594982	5970
7485.239897	-4.745228	5971
7486.255134	-4.594130	5972
7487.302629	-4.730960	5973
7488.326418	-4.568033	5974
7489.364895	-4.694094	5975
7490.398175	-4.595743	5976
7491.428356	-4.734424	5977
7492.469521	-4.576631	5978
7493.492359	-4.700658	5979
7494.537280	-4.654653	5980
7495.558563	-4.591101	5981
7496.604805	-4.658969	5982
7497.626650	-4.564487	5983
7498.670367	-4.676555	5984
7499.697456	-4.494840	5985
7500.733397	-4.721703	5986
7501.768048	-4.486225	5987
7502.797522	-4.667832	5988
7503.838818	-4.470154	5989
7504.861367	-4.670663	5990
7505.907899	-4.435092	5991
7506.927382	-4.662301	5992
7507.977069	-4.445469	5993
7508.992525	-4.592533	5994
7510.044651	-4.422900	5995
7511.059635	-4.639377	5996
7512.111088	-4.374902	5997
7513.127352	-4.568869	5998
7514.177589	-4.398522	5999
7515.196308	-4.609822	6000
7516.242033	-4.408812	6001
7517.265399	-4.610011	6002
7518.307050	-4.387545	6003
7519.336881	-4.576345	6004
7520.370955	-4.461887	6005
7521.407565	-4.588496	6006
7522.433945	-4.457982	6007
7523.477132	-4.514628	6008
7524.499640	-4.504748	6009
7525.545386	-4.543012	6010
7526.565058	-4.471480	6011
7527.610841	-4.484355	6012
7528.634395	-4.459866	6013
7529.677443	-4.424257	6014
7530.704038	-4.507804	6015
7531.740697	-4.476550	6016
7532.775494	-4.464266	6017
