time (s)	theta (A)	maj axis/z0	min axis/z0	crossing#mod 255
3788.538772	304.046356	1.352137	0.104722	243
3790.604261	304.216370	1.350325	0.105516	245
3792.670280	304.429016	1.347277	0.106338	247
3794.736769	304.642883	1.345103	0.106953	249
3796.803586	304.670837	1.340414	0.107845	251
3798.871121	304.661469	1.336457	0.108396	253
3800.939268	304.548523	1.334598	0.109270	255
3803.007752	304.329559	1.333413	0.110298	1
3805.076486	304.028656	1.331980	0.111301	3
3807.144858	303.715607	1.332100	0.112397	5
3809.212518	303.654938	1.331325	0.113511	7
3811.278890	303.926880	1.331486	0.114498	9
3813.343594	304.592377	1.329275	0.115291	11
3815.407478	305.457825	1.329126	0.116359	13
3817.471431	306.214600	1.328951	0.117679	15
3819.536271	306.646423	1.326606	0.118621	17
3821.602676	306.833466	1.322644	0.119397	19
3823.670310	306.738007	1.318684	0.119956	21
3825.738761	306.558990	1.316877	0.120447	23
3827.807080	306.280487	1.315832	0.121807	25
3829.875270	306.120789	1.316275	0.122384	27
3831.943032	306.052216	1.315063	0.123165	29
3834.010154	306.108063	1.315606	0.124371	31
3836.076500	306.230072	1.313979	0.124964	33
3838.142467	306.404053	1.312536	0.125379	35
3840.208628	306.628540	1.311449	0.126880	37
3842.274383	306.837036	1.310579	0.127583	39
3844.341005	306.879608	1.306806	0.128418	41
3846.408853	306.839508	1.303675	0.129512	43
3848.478194	306.697327	1.303359	0.130589	45
3850.548242	306.458069	1.301535	0.131511	47
3852.618638	306.146484	1.298010	0.132102	49
3854.688331	305.817505	1.297320	0.133118	51
3856.756762	305.600830	1.293743	0.133995	53
3858.824287	305.501282	1.291728	0.134908	55
3860.891015	305.566010	1.291418	0.135958	57
3862.957335	305.623016	1.290288	0.136834	59
3865.023840	305.730988	1.287142	0.137702	61
3867.090580	305.858521	1.284634	0.138299	63
3869.157675	305.917480	1.283245	0.139528	65
3871.225027	305.829376	1.282600	0.140303	67
3873.292755	305.714508	1.279425	0.141084	69
3875.360566	305.618225	1.277555	0.141672	71
3877.428196	305.515106	1.276290	0.142868	73
3879.495200	305.592712	1.275306	0.143707	75
3881.561297	305.909637	1.276759	0.144714	77
3883.626590	306.466705	1.278641	0.146163	79
3885.691027	307.134796	1.277915	0.147391	81
3887.755290	307.877075	1.275564	0.148390	83
3889.819905	308.574249	1.271751	0.148905	85
3891.885317	308.978607	1.267584	0.149769	87
3893.951877	309.159454	1.264589	0.150391	89
3896.019067	309.151703	1.260972	0.151150	91
3898.086921	309.091431	1.259172	0.151649	93
3900.154558	308.918976	1.257248	0.152186	95
3902.221967	308.880798	1.257485	0.153070	97
3904.289025	308.911652	1.256944	0.154090	99
3906.355797	308.982483	1.254518	0.155036	101
3908.422299	309.122162	1.253554	0.155533	103
3910.488763	309.253571	1.251534	0.156395	105
3912.555463	309.364288	1.250379	0.157330	107
3914.622923	309.310730	1.247874	0.157899	109
3916.691181	309.248474	1.244903	0.158851	111
3918.760404	308.997467	1.244595	0.159537	113
3920.830233	308.729889	1.243880	0.160793	115
3922.900102	308.347473	1.243229	0.161583	117
3924.969609	307.994232	1.241192	0.162455	119
3927.038279	307.764221	1.238255	0.163076	121
3929.106130	307.630035	1.236796	0.164180	123
3931.173230	307.529572	1.235046	0.165050	125
3933.240211	307.593384	1.232914	0.165776	127
3935.306832	307.697418	1.229900	0.166295	129
3937.373692	307.752258	1.228217	0.167162	131
3939.440756	307.787292	1.225503	0.167796	133
3941.508029	307.797272	1.224771	0.168757	135
3943.575619	307.740387	1.224078	0.169500	137
3945.643001	307.637756	1.222596	0.170146	139
3947.709956	307.778687	1.221656	0.171148	141
3949.776505	308.067780	1.219167	0.171994	143
3951.842325	308.435638	1.218855	0.172621	145
3953.907227	309.036255	1.216319	0.173352	147
3955.971746	309.759674	1.214575	0.174234	149
3958.036155	310.479736	1.214631	0.175808	151
3960.100872	311.064972	1.214226	0.177052	153
3962.166552	311.411011	1.211623	0.177783	155
3964.232841	311.655975	1.208289	0.178261	157
3966.299556	311.765961	1.206328	0.179087	159
3968.366660	311.760376	1.203596	0.179911	161
3970.434266	311.750977	1.201989	0.180012	163
3972.501145	311.809143	1.200239	0.181344	165
3974.568114	311.864288	1.199384	0.182295	167
3976.634982	311.942780	1.197363	0.182704	169
3978.702007	311.986145	1.195560	0.183207	171
3980.769074	312.026062	1.192834	0.184083	173
3982.836488	312.065155	1.191332	0.184901	175
3984.904696	311.944214	1.191169	0.185731	177
3986.973509	311.677002	1.190102	0.186671	179
3989.043028	311.390411	1.187730	0.187312	181
3991.112634	311.119019	1.186174	0.187992	183
3993.182197	310.707306	1.185981	0.188980	185
3995.251143	310.396545	1.182602	0.189613	187
3997.319510	310.231995	1.181595	0.190480	189
3999.387241	310.093567	1.181088	0.191702	191
4001.454448	310.027069	1.179184	0.192515	193
4003.521417	310.097198	1.176684	0.193375	195
4005.588340	310.115509	1.173761	0.193794	197
4007.655278	310.205994	1.171823	0.194648	199
4009.722513	310.259491	1.171413	0.195368	201
4011.789683	310.290466	1.169610	0.196451	203
4013.856643	310.391418	1.168607	0.197385	205
4015.923509	310.507233	1.169499	0.198142	207
4017.989818	310.805267	1.169820	0.199830	209
4020.055569	311.193542	1.170887	0.200873	211
4022.120769	311.733032	1.170357	0.201763	213
4024.185531	312.373108	1.169002	0.202758	215
4026.250288	313.062500	1.166978	0.203499	217
4028.315180	313.637299	1.165321	0.204473	219
4030.380504	314.062073	1.161760	0.205014	221
4032.446382	314.399719	1.158470	0.205359	223
4034.512849	314.613678	1.156057	0.206032	225
4036.579616	314.731140	1.154278	0.206735	227
4038.646582	314.765656	1.153298	0.207536	229
4040.713576	314.822205	1.152895	0.208565	231
4042.780606	314.918457	1.151336	0.209222	233
4044.847662	314.927246	1.148910	0.209830	235
4046.914750	315.023743	1.147063	0.210442	237
4048.982214	315.013855	1.145131	0.211257	239
4051.049853	314.986542	1.143943	0.212577	241
4053.118186	314.825287	1.142585	0.212894	243
4055.187184	314.587433	1.141257	0.213771	245
4057.256445	314.280823	1.140080	0.214551	247
4059.325957	313.949036	1.138209	0.215346	249
4061.395234	313.616180	1.136695	0.216169	251
4063.464213	313.338837	1.134043	0.216676	253
4065.532467	313.113953	1.133194	0.217864	255
4067.600232	313.020935	1.131647	0.218884	1
4069.667716	312.960937	1.130334	0.219621	3
4071.734889	312.981934	1.126805	0.219948	5
4073.801980	313.000580	1.124483	0.220609	7
4075.868983	313.111176	1.123321	0.221618	9
4077.936106	313.191315	1.122262	0.222722	11
4080.003144	313.272003	1.122997	0.223894	13
4082.069927	313.415741	1.122265	0.224732	15
4084.136561	313.627747	1.121738	0.225740	17
4086.202691	313.955627	1.121606	0.226501	19
4088.268349	314.409637	1.121286	0.227651	21
4090.333449	314.939117	1.122640	0.229344	23
4092.398359	315.553650	1.121318	0.230316	25
4094.463350	316.097137	1.119744	0.231093	27
4096.528214	316.712097	1.116944	0.231591	29
4098.593722	317.123627	1.113276	0.232137	31
4100.659694	317.471588	1.110052	0.232431	33
